
-->A=[1,0,0,2,0;3,4,0,5,0;6,0,7,8,9;0,0,10,11,0;0,0,0,0,12]
 A  = 

   1.   0.   0.    2.    0. 
   3.   4.   0.    5.    0. 
   6.   0.   7.    8.    9. 
   0.   0.   10.   11.   0. 
   0.   0.   0.    0.    12.

-->x
 x  = 

   1.
   2.
   3.
   4.
   5.

-->AA
 AA  = 

         column 1 to 10

   1.   2.   3.   4.   5.   6.   7.   8.   9.   10.

         column 11 to 12

   11.   12.

-->JA
 JA  = 

         column 1 to 11

   1.   4.   1.   2.   4.   1.   3.   4.   5.   3.   4.

         column 12

   5.

-->IA
 IA  = 

   1.   3.   6.   10.   12.   13.
   
Exemple test :
A=[1,0,0,0,2;3,4,0,5,0;6,0,7,8,9;0,0,10,11,0;0,0,0,0,12]
AA=[1,2,3,4,5,6,7,8,9,10,11,12]
JA=[1,5,1,2,4,1,3,4,5,3,4,5]
IA=[1,3,6,10,12,13]
x=[3,2,1,4,1]'
